2
3
4
5
6
11
13
15
16
17
19
21
23
24
25
28
30
31
34
35
36
37
39
42
43
45
46
50
52
53
54
56
63
64
67
69
70
73
76
77
78
81
82
83
84
85
86
88
89
91
92
94
95
97
101
102
105
106
108
109
110
111
112
115
118
119
121
123
125
126
127
130
133
137
138
140
141
143
145
146
149
150
151
153
156
157
158
161
166
167
171
175
176
177
178
180
181
182
185
186
187
189
190
194
196
197
198
201
203
204
205
208
209
213
214
217
218
225
226
228
229
233
234
236
237
239
240
241
242
243
248
249
252
253
254
256
258
259
261
263
264
265
267
268
270
272
280
284
286
287
289
